$ANSIBLE_VAULT;1.1;AES256
38656339356365316538313639313365643566376138383939653331346665323835663066626263
3535396235386236316538653132303339363334373166360a393130643139323763366362653666
65636139343831656432393464376237626339326633356132663738663430373761643161323538
6139656130636564640a373937613232316463636164663136373233313863353665626432346664
38303433343633386532353139353931623862346262393134303432656130343766353832313832
38393465363732306436373266626134633732643135386161303936303438326535653639613338
61663866373536333861663430316264356137366162303964623163343562626264616132376438
63323833343131313435613064346364633633353662346162643730636263633964333334633437
37623637373031393032373838653830353234666664346266653037626661343736303336656237
33323634376564653432346165663132393164386436613835306363323235613038376437616630
31303432323637306562303938313362373536313036633935616262663763396563643361303363
35386538633434343661
